1.1463
1.14832
1.15098
1.15208
1.15257
1.16197
1.16305
1.16691
1.16691
1.20291
1.61478
10.9364
10.9866
15.5581
15.6979
15.7668
18.998
21.541
21.5441
21.6106
25.221
35.8958
38.4118
38.6014
38.845
39.1642
39.3271
39.4172
39.4285
39.4285
1.19059
8.77404
14.2783
14.4836
14.5968
14.6512
14.7249
14.8495
14.8978
15.2429
15.3344
15.8518
16.4218
17.9883
18.142
18.7484
19.4334
20.9627
21.0957
21.2034
21.2464
21.4136
21.4593
25.8269
37.2216
37.5432
38.0908
38.4078
38.523
39.393
13.9654
21.6106
21.6106
30.4601
35.41
35.5158
35.8818
38.7357
38.9975
39.2045
39.2506
39.3764
39.3808
39.3843
39.3918
39.3965
39.409
39.4127
39.4127
39.4135
39.4151
39.4151
39.4151
39.4285
39.4285
39.4285
39.4285
39.4285
39.4285
39.4285
1.14934
1.16204
1.16691
1.16736
1.16872
1.17469
1.17484
1.17764
1.1845
1.18764
1.19426
1.21897
1.97488
2.37447
2.59798
23.9375
25.8676
27.1961
29.2222
35.4819
35.8727
35.8727
35.8727
36.4075
36.4075
36.4075
36.4075
37.3542
37.3542
38.9995
1.1286
1.13016
1.15604
1.16811
1.17204
1.17207
1.17361
1.17404
1.17693
1.18168
1.18343
1.18632
1.19113
1.19553
1.20105
1.20331
1.22216
1.23077
20.6861
34.8815
35.4512
35.8727
35.8727
35.8727
35.8727
36.3269
36.4075
39.1159
39.2565
42.2489
1.16727
1.17147
12.8886
20.6861
20.6861
20.9018
37.3542
37.3542
37.3542
37.3542
37.3542
39.2565
39.2565
39.4285
39.4285
39.4285
39.4285
39.4285
39.4285
39.4285
39.4285
39.4285
39.4285
39.4285
39.4285
39.4285
39.4285
39.4285
39.4285
39.4285
1.11737
1.13451
1.13644
1.14872
1.15007
1.15843
1.16216
1.16945
1.17171
1.18009
1.18477
1.18754
1.1877
1.19106
1.19448
1.1952
1.19535
1.20284
1.24784
2.90342
25.2183
29.2671
34.382
36.3269
36.4075
36.4075
36.4075
36.4075
36.4075
37.3542
1.11988
1.12365
1.12977
1.13553
1.15504
1.15761
1.15796
1.1605
1.16084
1.16153
1.16237
1.16713
1.16728
1.17121
1.17303
1.17338
1.18029
1.18424
1.1883
1.1917
1.19196
1.19217
1.19273
1.20095
1.24055
1.24676
1.25126
1.27234
28.5287
39.4285
1.17733
1.20301
2.53294
2.93943
5.05122
5.11022
6.3748
12.6352
20.6861
20.6861
20.6861
21.5723
28.9232
37.3542
37.3542
37.3542
37.3542
37.3542
37.3542
37.3542
37.3542
37.3542
39.2265
39.2565
39.4285
39.4285
39.4285
39.4285
39.4285
39.4285
