1.15024
13.6815
13.8833
13.9312
14.2423
14.2673
14.4423
14.4518
14.4982
14.5517
14.5802
14.6286
14.8426
14.9849
15.125
15.1368
18.7048
20.6915
20.7517
20.7835
20.8273
21.0027
21.4967
21.522
26.0455
29.623
35.5169
37.4553
38.0784
38.3499
1.13795
1.13846
1.17829
1.19525
13.6816
13.7236
13.7475
13.8721
13.8935
13.9382
14.0395
14.0791
14.1236
14.1275
14.1361
14.3111
14.3368
15.7085
19.0019
19.2594
19.5327
19.7268
20.6225
21.0491
21.2405
21.372
34.4696
36.19
36.9884
37.5931
18.844
19.4886
20.1748
20.6338
20.6986
21.1571
21.5218
21.6106
21.6106
23.3745
23.4811
23.4828
24.9133
26.2949
26.5404
27.9206
28.0628
28.4223
28.578
29.9633
30.2384
30.2703
30.3471
30.3977
32.3889
32.771
34.1921
35.6996
35.7928
35.8967
1.15058
1.15742
1.1665
1.16691
1.16691
1.16767
1.16767
1.16815
1.16889
1.16956
1.17147
1.17147
1.17622
1.17733
1.17957
2.42112
2.54483
13.2116
18.6636
25.8689
29.6764
36.4075
36.4075
36.4075
36.4075
36.4075
36.4075
36.4075
37.098
39.1159
1.15656
1.16288
1.16328
1.16583
1.17409
1.17505
1.17533
1.17684
1.17997
1.21573
2.29726
20.5157
25.8589
30.1157
35.476
35.4788
35.4819
35.4819
35.745
35.8722
35.8727
36.3261
36.4019
36.4058
36.4075
36.4075
36.4075
37.3542
37.3542
37.3542
1.75104
13.2559
13.2731
20.6366
20.6779
37.353
37.3542
37.3542
39.3741
39.4285
39.4285
39.4285
39.4285
39.4285
39.4285
39.4285
39.4285
39.4285
39.4285
39.4285
39.4285
39.4285
39.4285
39.4285
39.4285
39.4285
39.4285
39.4285
39.4285
39.4285
1.1192
1.1512
1.16148
1.16213
1.16767
1.1684
1.17147
1.17322
1.17787
1.18985
1.19567
1.22298
1.54243
2.58766
12.6352
17.7444
24.4751
28.9142
31.3846
35.1884
35.377
35.4819
35.8727
36.4075
36.4075
36.4075
36.4075
36.4075
36.4075
36.4075
1.11753
1.13214
1.14551
1.14556
1.14882
1.15071
1.15081
1.15682
1.15686
1.1587
1.16113
1.16341
1.16576
1.16755
1.17045
1.1737
1.17504
1.17599
1.18575
1.18724
1.20846
1.22377
2.60211
2.65117
21.2255
35.1884
36.2373
36.4049
37.3542
37.3542
17.4274
20.6861
20.6861
20.6861
21.5723
28.0931
37.3542
37.3542
37.3542
37.3542
37.3542
37.3542
37.3542
37.3542
39.2565
39.2565
39.4285
39.4285
39.4285
39.4285
39.4285
39.4285
39.4285
39.4285
39.4285
39.4285
39.4285
39.4285
39.4285
39.4285
