1.14131
1.16691
1.16691
1.16727
1.17147
1.17591
1.17945
2.39334
3.13867
3.19386
9.85212
10.111
13.2499
14.0774
14.749
14.7896
14.9031
15.5281
16.7815
18.6202
18.7672
20.7121
21.1319
21.351
21.3526
21.4568
33.1986
35.1892
38.6082
39.0304
1.1466
1.16396
1.16691
1.26596
11.6864
13.676
13.7683
13.8465
13.9432
14.0455
14.1013
14.1145
14.1369
14.2521
14.415
14.4738
14.7682
14.8542
15.0729
18.7841
19.1071
19.4692
19.7944
20.4131
21.1144
21.1723
21.3471
30.881
37.7926
39.3189
21.5749
21.6106
22.3953
23.1641
23.708
23.9012
24.1819
24.9007
24.9285
24.9607
26.5494
26.7189
26.7809
26.888
28.0247
29.9249
29.9357
30.5827
30.5887
30.7127
32.1553
32.4259
32.6515
32.9007
33.2984
35.8999
38.0171
38.8768
38.9862
39.4285
1.1583
1.15873
1.15956
1.16544
1.16609
1.16849
1.17179
1.17605
1.17761
1.17978
1.18193
1.18475
1.1854
1.18589
1.19188
2.50384
2.67288
12.2617
13.0172
26.352
27.7768
28.5287
36.2241
36.2241
36.4075
36.4075
36.4075
36.4075
36.4075
39.4285
1.1409
1.14969
1.15119
1.15519
1.16212
1.16702
1.1678
1.16915
1.17225
1.17461
1.17546
1.17641
1.17968
1.18015
1.1811
1.18272
1.18303
1.23551
2.42935
29.2222
35.4079
35.4498
35.8213
35.8727
36.4075
36.4075
36.4075
36.4075
36.4075
37.0846
20.9833
37.3542
37.3542
37.3542
37.3542
37.3642
39.4285
39.4285
39.4285
39.4285
39.4285
39.4285
39.4285
39.4285
39.4285
39.4285
39.4285
39.4285
39.4285
39.4285
39.4285
39.4285
39.4285
39.4285
39.4285
39.4285
39.4285
39.4285
39.4285
39.4285
1.10243
1.13206
1.13656
1.13738
1.15339
1.15643
1.15933
1.16203
1.16608
1.16767
1.16791
1.16948
1.17036
1.17185
1.17294
1.17524
1.17675
1.17796
1.19894
2.41726
2.56412
15.85
29.2222
35.4819
35.4819
36.4075
36.4075
37.0846
37.3542
38.85
1.11007
1.11375
1.11986
1.12934
1.1295
1.13057
1.14196
1.1484
1.15345
1.16578
1.17243
1.17355
1.17403
1.17439
1.17476
1.17815
1.18798
1.1887
1.19429
1.19603
1.2107
1.21314
2.16787
2.18525
2.66019
25.9145
35.1884
35.4819
35.6964
35.8153
1.17147
1.81342
12.0957
12.8956
20.6366
20.6861
20.6861
32.322
32.322
37.3542
37.3542
37.3542
37.3542
37.3542
37.3542
37.3542
37.3542
37.3542
37.3542
37.3542
39.1121
39.4285
39.4285
39.4285
39.4285
39.4285
39.4285
39.4285
39.4285
39.4285
