1.1463
1.14832
1.15098
1.15208
1.15257
1.16197
1.16305
1.16691
1.16691
1.20291
1.61478
10.9364
10.9866
15.5581
15.6979
15.7668
18.998
21.541
21.5441
21.6106
25.221
35.8958
38.4118
38.6014
38.845
39.1642
39.3271
39.4172
39.4285
39.4285
1.19059
8.77404
14.2783
14.4836
14.5968
14.6512
14.7249
14.8495
14.8978
15.2429
15.3344
15.8518
16.4218
17.9883
18.142
18.7484
19.4334
20.9627
21.0957
21.2034
21.2464
21.4136
21.4593
25.8269
37.2216
37.5432
38.0908
38.4078
38.523
39.393
13.9654
21.6106
21.6106
30.4601
35.41
35.5158
35.8818
38.7357
38.9975
39.2045
39.2506
39.3764
39.3808
39.3843
39.3918
39.3965
39.409
39.4127
39.4127
39.4135
39.4151
39.4151
39.4151
39.4285
39.4285
39.4285
39.4285
39.4285
39.4285
39.4285
1.14131
1.16691
1.16691
1.16727
1.17147
1.17591
1.17945
2.39334
3.13867
3.19386
9.85212
10.111
13.2499
14.0774
14.749
14.7896
14.9031
15.5281
16.7815
18.6202
18.7672
20.7121
21.1319
21.351
21.3526
21.4568
33.1986
35.1892
38.6082
39.0304
1.1466
1.16396
1.16691
1.26596
11.6864
13.676
13.7683
13.8465
13.9432
14.0455
14.1013
14.1145
14.1369
14.2521
14.415
14.4738
14.7682
14.8542
15.0729
18.7841
19.1071
19.4692
19.7944
20.4131
21.1144
21.1723
21.3471
30.881
37.7926
39.3189
21.5749
21.6106
22.3953
23.1641
23.708
23.9012
24.1819
24.9007
24.9285
24.9607
26.5494
26.7189
26.7809
26.888
28.0247
29.9249
29.9357
30.5827
30.5887
30.7127
32.1553
32.4259
32.6515
32.9007
33.2984
35.8999
38.0171
38.8768
38.9862
39.4285
1.15024
13.6815
13.8833
13.9312
14.2423
14.2673
14.4423
14.4518
14.4982
14.5517
14.5802
14.6286
14.8426
14.9849
15.125
15.1368
18.7048
20.6915
20.7517
20.7835
20.8273
21.0027
21.4967
21.522
26.0455
29.623
35.5169
37.4553
38.0784
38.3499
1.13795
1.13846
1.17829
1.19525
13.6816
13.7236
13.7475
13.8721
13.8935
13.9382
14.0395
14.0791
14.1236
14.1275
14.1361
14.3111
14.3368
15.7085
19.0019
19.2594
19.5327
19.7268
20.6225
21.0491
21.2405
21.372
34.4696
36.19
36.9884
37.5931
18.844
19.4886
20.1748
20.6338
20.6986
21.1571
21.5218
21.6106
21.6106
23.3745
23.4811
23.4828
24.9133
26.2949
26.5404
27.9206
28.0628
28.4223
28.578
29.9633
30.2384
30.2703
30.3471
30.3977
32.3889
32.771
34.1921
35.6996
35.7928
35.8967
