1.14934
1.16204
1.16691
1.16736
1.16872
1.17469
1.17484
1.17764
1.1845
1.18764
1.19426
1.21897
1.97488
2.37447
2.59798
23.9375
25.8676
27.1961
29.2222
35.4819
35.8727
35.8727
35.8727
36.4075
36.4075
36.4075
36.4075
37.3542
37.3542
38.9995
1.1286
1.13016
1.15604
1.16811
1.17204
1.17207
1.17361
1.17404
1.17693
1.18168
1.18343
1.18632
1.19113
1.19553
1.20105
1.20331
1.22216
1.23077
20.6861
34.8815
35.4512
35.8727
35.8727
35.8727
35.8727
36.3269
36.4075
39.1159
39.2565
42.2489
1.16727
1.17147
12.8886
20.6861
20.6861
20.9018
37.3542
37.3542
37.3542
37.3542
37.3542
39.2565
39.2565
39.4285
39.4285
39.4285
39.4285
39.4285
39.4285
39.4285
39.4285
39.4285
39.4285
39.4285
39.4285
39.4285
39.4285
39.4285
39.4285
39.4285
1.1583
1.15873
1.15956
1.16544
1.16609
1.16849
1.17179
1.17605
1.17761
1.17978
1.18193
1.18475
1.1854
1.18589
1.19188
2.50384
2.67288
12.2617
13.0172
26.352
27.7768
28.5287
36.2241
36.2241
36.4075
36.4075
36.4075
36.4075
36.4075
39.4285
1.1409
1.14969
1.15119
1.15519
1.16212
1.16702
1.1678
1.16915
1.17225
1.17461
1.17546
1.17641
1.17968
1.18015
1.1811
1.18272
1.18303
1.23551
2.42935
29.2222
35.4079
35.4498
35.8213
35.8727
36.4075
36.4075
36.4075
36.4075
36.4075
37.0846
20.9833
37.3542
37.3542
37.3542
37.3542
37.3642
39.4285
39.4285
39.4285
39.4285
39.4285
39.4285
39.4285
39.4285
39.4285
39.4285
39.4285
39.4285
39.4285
39.4285
39.4285
39.4285
39.4285
39.4285
39.4285
39.4285
39.4285
39.4285
39.4285
39.4285
1.15058
1.15742
1.1665
1.16691
1.16691
1.16767
1.16767
1.16815
1.16889
1.16956
1.17147
1.17147
1.17622
1.17733
1.17957
2.42112
2.54483
13.2116
18.6636
25.8689
29.6764
36.4075
36.4075
36.4075
36.4075
36.4075
36.4075
36.4075
37.098
39.1159
1.15656
1.16288
1.16328
1.16583
1.17409
1.17505
1.17533
1.17684
1.17997
1.21573
2.29726
20.5157
25.8589
30.1157
35.476
35.4788
35.4819
35.4819
35.745
35.8722
35.8727
36.3261
36.4019
36.4058
36.4075
36.4075
36.4075
37.3542
37.3542
37.3542
1.75104
13.2559
13.2731
20.6366
20.6779
37.353
37.3542
37.3542
39.3741
39.4285
39.4285
39.4285
39.4285
39.4285
39.4285
39.4285
39.4285
39.4285
39.4285
39.4285
39.4285
39.4285
39.4285
39.4285
39.4285
39.4285
39.4285
39.4285
39.4285
39.4285
