1.11737
1.13451
1.13644
1.14872
1.15007
1.15843
1.16216
1.16945
1.17171
1.18009
1.18477
1.18754
1.1877
1.19106
1.19448
1.1952
1.19535
1.20284
1.24784
2.90342
25.2183
29.2671
34.382
36.3269
36.4075
36.4075
36.4075
36.4075
36.4075
37.3542
1.11988
1.12365
1.12977
1.13553
1.15504
1.15761
1.15796
1.1605
1.16084
1.16153
1.16237
1.16713
1.16728
1.17121
1.17303
1.17338
1.18029
1.18424
1.1883
1.1917
1.19196
1.19217
1.19273
1.20095
1.24055
1.24676
1.25126
1.27234
28.5287
39.4285
1.17733
1.20301
2.53294
2.93943
5.05122
5.11022
6.3748
12.6352
20.6861
20.6861
20.6861
21.5723
28.9232
37.3542
37.3542
37.3542
37.3542
37.3542
37.3542
37.3542
37.3542
37.3542
39.2265
39.2565
39.4285
39.4285
39.4285
39.4285
39.4285
39.4285
1.10243
1.13206
1.13656
1.13738
1.15339
1.15643
1.15933
1.16203
1.16608
1.16767
1.16791
1.16948
1.17036
1.17185
1.17294
1.17524
1.17675
1.17796
1.19894
2.41726
2.56412
15.85
29.2222
35.4819
35.4819
36.4075
36.4075
37.0846
37.3542
38.85
1.11007
1.11375
1.11986
1.12934
1.1295
1.13057
1.14196
1.1484
1.15345
1.16578
1.17243
1.17355
1.17403
1.17439
1.17476
1.17815
1.18798
1.1887
1.19429
1.19603
1.2107
1.21314
2.16787
2.18525
2.66019
25.9145
35.1884
35.4819
35.6964
35.8153
1.17147
1.81342
12.0957
12.8956
20.6366
20.6861
20.6861
32.322
32.322
37.3542
37.3542
37.3542
37.3542
37.3542
37.3542
37.3542
37.3542
37.3542
37.3542
37.3542
39.1121
39.4285
39.4285
39.4285
39.4285
39.4285
39.4285
39.4285
39.4285
39.4285
1.1192
1.1512
1.16148
1.16213
1.16767
1.1684
1.17147
1.17322
1.17787
1.18985
1.19567
1.22298
1.54243
2.58766
12.6352
17.7444
24.4751
28.9142
31.3846
35.1884
35.377
35.4819
35.8727
36.4075
36.4075
36.4075
36.4075
36.4075
36.4075
36.4075
1.11753
1.13214
1.14551
1.14556
1.14882
1.15071
1.15081
1.15682
1.15686
1.1587
1.16113
1.16341
1.16576
1.16755
1.17045
1.1737
1.17504
1.17599
1.18575
1.18724
1.20846
1.22377
2.60211
2.65117
21.2255
35.1884
36.2373
36.4049
37.3542
37.3542
17.4274
20.6861
20.6861
20.6861
21.5723
28.0931
37.3542
37.3542
37.3542
37.3542
37.3542
37.3542
37.3542
37.3542
39.2565
39.2565
39.4285
39.4285
39.4285
39.4285
39.4285
39.4285
39.4285
39.4285
39.4285
39.4285
39.4285
39.4285
39.4285
39.4285
