1.1463
1.14832
1.15098
1.15208
1.15257
1.16197
1.16305
1.16691
1.16691
1.20291
1.61478
10.9364
10.9866
15.5581
15.6979
15.7668
18.998
21.541
21.5441
21.6106
25.221
35.8958
38.4118
38.6014
38.845
39.1642
39.3271
39.4172
39.4285
39.4285
1.14131
1.16691
1.16691
1.16727
1.17147
1.17591
1.17945
2.39334
3.13867
3.19386
9.85212
10.111
13.2499
14.0774
14.749
14.7896
14.9031
15.5281
16.7815
18.6202
18.7672
20.7121
21.1319
21.351
21.3526
21.4568
33.1986
35.1892
38.6082
39.0304
1.15024
13.6815
13.8833
13.9312
14.2423
14.2673
14.4423
14.4518
14.4982
14.5517
14.5802
14.6286
14.8426
14.9849
15.125
15.1368
18.7048
20.6915
20.7517
20.7835
20.8273
21.0027
21.4967
21.522
26.0455
29.623
35.5169
37.4553
38.0784
38.3499
1.14934
1.16204
1.16691
1.16736
1.16872
1.17469
1.17484
1.17764
1.1845
1.18764
1.19426
1.21897
1.97488
2.37447
2.59798
23.9375
25.8676
27.1961
29.2222
35.4819
35.8727
35.8727
35.8727
36.4075
36.4075
36.4075
36.4075
37.3542
37.3542
38.9995
1.1583
1.15873
1.15956
1.16544
1.16609
1.16849
1.17179
1.17605
1.17761
1.17978
1.18193
1.18475
1.1854
1.18589
1.19188
2.50384
2.67288
12.2617
13.0172
26.352
27.7768
28.5287
36.2241
36.2241
36.4075
36.4075
36.4075
36.4075
36.4075
39.4285
1.15058
1.15742
1.1665
1.16691
1.16691
1.16767
1.16767
1.16815
1.16889
1.16956
1.17147
1.17147
1.17622
1.17733
1.17957
2.42112
2.54483
13.2116
18.6636
25.8689
29.6764
36.4075
36.4075
36.4075
36.4075
36.4075
36.4075
36.4075
37.098
39.1159
1.11737
1.13451
1.13644
1.14872
1.15007
1.15843
1.16216
1.16945
1.17171
1.18009
1.18477
1.18754
1.1877
1.19106
1.19448
1.1952
1.19535
1.20284
1.24784
2.90342
25.2183
29.2671
34.382
36.3269
36.4075
36.4075
36.4075
36.4075
36.4075
37.3542
1.10243
1.13206
1.13656
1.13738
1.15339
1.15643
1.15933
1.16203
1.16608
1.16767
1.16791
1.16948
1.17036
1.17185
1.17294
1.17524
1.17675
1.17796
1.19894
2.41726
2.56412
15.85
29.2222
35.4819
35.4819
36.4075
36.4075
37.0846
37.3542
38.85
1.1192
1.1512
1.16148
1.16213
1.16767
1.1684
1.17147
1.17322
1.17787
1.18985
1.19567
1.22298
1.54243
2.58766
12.6352
17.7444
24.4751
28.9142
31.3846
35.1884
35.377
35.4819
35.8727
36.4075
36.4075
36.4075
36.4075
36.4075
36.4075
36.4075
