1.19059
8.77404
14.2783
14.4836
14.5968
14.6512
14.7249
14.8495
14.8978
15.2429
15.3344
15.8518
16.4218
17.9883
18.142
18.7484
19.4334
20.9627
21.0957
21.2034
21.2464
21.4136
21.4593
25.8269
37.2216
37.5432
38.0908
38.4078
38.523
39.393
1.1466
1.16396
1.16691
1.26596
11.6864
13.676
13.7683
13.8465
13.9432
14.0455
14.1013
14.1145
14.1369
14.2521
14.415
14.4738
14.7682
14.8542
15.0729
18.7841
19.1071
19.4692
19.7944
20.4131
21.1144
21.1723
21.3471
30.881
37.7926
39.3189
1.13795
1.13846
1.17829
1.19525
13.6816
13.7236
13.7475
13.8721
13.8935
13.9382
14.0395
14.0791
14.1236
14.1275
14.1361
14.3111
14.3368
15.7085
19.0019
19.2594
19.5327
19.7268
20.6225
21.0491
21.2405
21.372
34.4696
36.19
36.9884
37.5931
1.1286
1.13016
1.15604
1.16811
1.17204
1.17207
1.17361
1.17404
1.17693
1.18168
1.18343
1.18632
1.19113
1.19553
1.20105
1.20331
1.22216
1.23077
20.6861
34.8815
35.4512
35.8727
35.8727
35.8727
35.8727
36.3269
36.4075
39.1159
39.2565
42.2489
1.1409
1.14969
1.15119
1.15519
1.16212
1.16702
1.1678
1.16915
1.17225
1.17461
1.17546
1.17641
1.17968
1.18015
1.1811
1.18272
1.18303
1.23551
2.42935
29.2222
35.4079
35.4498
35.8213
35.8727
36.4075
36.4075
36.4075
36.4075
36.4075
37.0846
1.15656
1.16288
1.16328
1.16583
1.17409
1.17505
1.17533
1.17684
1.17997
1.21573
2.29726
20.5157
25.8589
30.1157
35.476
35.4788
35.4819
35.4819
35.745
35.8722
35.8727
36.3261
36.4019
36.4058
36.4075
36.4075
36.4075
37.3542
37.3542
37.3542
1.11988
1.12365
1.12977
1.13553
1.15504
1.15761
1.15796
1.1605
1.16084
1.16153
1.16237
1.16713
1.16728
1.17121
1.17303
1.17338
1.18029
1.18424
1.1883
1.1917
1.19196
1.19217
1.19273
1.20095
1.24055
1.24676
1.25126
1.27234
28.5287
39.4285
1.11007
1.11375
1.11986
1.12934
1.1295
1.13057
1.14196
1.1484
1.15345
1.16578
1.17243
1.17355
1.17403
1.17439
1.17476
1.17815
1.18798
1.1887
1.19429
1.19603
1.2107
1.21314
2.16787
2.18525
2.66019
25.9145
35.1884
35.4819
35.6964
35.8153
1.11753
1.13214
1.14551
1.14556
1.14882
1.15071
1.15081
1.15682
1.15686
1.1587
1.16113
1.16341
1.16576
1.16755
1.17045
1.1737
1.17504
1.17599
1.18575
1.18724
1.20846
1.22377
2.60211
2.65117
21.2255
35.1884
36.2373
36.4049
37.3542
37.3542
