13.9654
21.6106
21.6106
30.4601
35.41
35.5158
35.8818
38.7357
38.9975
39.2045
39.2506
39.3764
39.3808
39.3843
39.3918
39.3965
39.409
39.4127
39.4127
39.4135
39.4151
39.4151
39.4151
39.4285
39.4285
39.4285
39.4285
39.4285
39.4285
39.4285
21.5749
21.6106
22.3953
23.1641
23.708
23.9012
24.1819
24.9007
24.9285
24.9607
26.5494
26.7189
26.7809
26.888
28.0247
29.9249
29.9357
30.5827
30.5887
30.7127
32.1553
32.4259
32.6515
32.9007
33.2984
35.8999
38.0171
38.8768
38.9862
39.4285
18.844
19.4886
20.1748
20.6338
20.6986
21.1571
21.5218
21.6106
21.6106
23.3745
23.4811
23.4828
24.9133
26.2949
26.5404
27.9206
28.0628
28.4223
28.578
29.9633
30.2384
30.2703
30.3471
30.3977
32.3889
32.771
34.1921
35.6996
35.7928
35.8967
1.16727
1.17147
12.8886
20.6861
20.6861
20.9018
37.3542
37.3542
37.3542
37.3542
37.3542
39.2565
39.2565
39.4285
39.4285
39.4285
39.4285
39.4285
39.4285
39.4285
39.4285
39.4285
39.4285
39.4285
39.4285
39.4285
39.4285
39.4285
39.4285
39.4285
20.9833
37.3542
37.3542
37.3542
37.3542
37.3642
39.4285
39.4285
39.4285
39.4285
39.4285
39.4285
39.4285
39.4285
39.4285
39.4285
39.4285
39.4285
39.4285
39.4285
39.4285
39.4285
39.4285
39.4285
39.4285
39.4285
39.4285
39.4285
39.4285
39.4285
1.75104
13.2559
13.2731
20.6366
20.6779
37.353
37.3542
37.3542
39.3741
39.4285
39.4285
39.4285
39.4285
39.4285
39.4285
39.4285
39.4285
39.4285
39.4285
39.4285
39.4285
39.4285
39.4285
39.4285
39.4285
39.4285
39.4285
39.4285
39.4285
39.4285
1.17733
1.20301
2.53294
2.93943
5.05122
5.11022
6.3748
12.6352
20.6861
20.6861
20.6861
21.5723
28.9232
37.3542
37.3542
37.3542
37.3542
37.3542
37.3542
37.3542
37.3542
37.3542
39.2265
39.2565
39.4285
39.4285
39.4285
39.4285
39.4285
39.4285
1.17147
1.81342
12.0957
12.8956
20.6366
20.6861
20.6861
32.322
32.322
37.3542
37.3542
37.3542
37.3542
37.3542
37.3542
37.3542
37.3542
37.3542
37.3542
37.3542
39.1121
39.4285
39.4285
39.4285
39.4285
39.4285
39.4285
39.4285
39.4285
39.4285
17.4274
20.6861
20.6861
20.6861
21.5723
28.0931
37.3542
37.3542
37.3542
37.3542
37.3542
37.3542
37.3542
37.3542
39.2565
39.2565
39.4285
39.4285
39.4285
39.4285
39.4285
39.4285
39.4285
39.4285
39.4285
39.4285
39.4285
39.4285
39.4285
39.4285
